[app/ui]
version = 8.2.6.1
modtime = 1679120732.317913000

[app/launcher]
version = 8.2.6.1
modtime = 1679120732.318934000
